((("isLogged" .
   [1 0 0 0 0 0 0 0])
  ("return" .
   [1 0 0 0 0 0])
  ("void" .
   [1 0 0 0])
  ("mydata" .
   [1 0 0 0 0 0])
  ("compare" .
   [2 0 0 0 0 0 0])
  ("callOnAll" .
   [1 0 0 0 0 0 0 0 0])
  ("Index" .
   [1 0 0 0 0])
  ("log" .
   [1 0 0])
  ("else" .
   [1 0 0 0])
  ("if" .
   [1 0])
  ("index" .
   [4 0 0 0 0])
  ("data" .
   [4 0 0 0])
  ("val" .
   [1 0 0])
  ("numpy" .
   [0 0 0 0 1])
  ("import" .
   [0 0 1 0 0 0])
  ("leftover_wrappers" .
   [0 0 0 0 0 0 0 1 0 0 0 0 0 0 0 0 0])
  ("new_bars" .
   [0 0 0 0 1 0 0 0])
  ("/$$" .
   [7 0 0])
  ("series" .
   [1 0 0 0 0 0])
  ("when" .
   [2 0 0 0])
  ("of" .
   [1 0])
  ("to" .
   [1 0])
  ("get" .
   [1 0 0])
  ("int" .
   [1 0 0])
  ("-1" .
   [1 0])
  ("^{n+1}3x^{3n" .
   [0 0 0 0 0 0 1 0 0 0 0 0])))
